obsID date lat lon SID SIDstd SIDln SIDunc wSD wrho ppflag uncflag QFT QFS
ULS_Taymyr_1415 2014-11-20T00:00:00 77.47 116.46 0.855 0.205 19.0 0.011 13.643 270 0 2 0 0
ULS_Taymyr_1415 2014-12-15T00:00:00 77.47 116.46 1.203 0.322 31.0 0.009 19.255 295 0 2 0 0
ULS_Taymyr_1415 2015-01-15T00:00:00 77.47 116.46 1.283 0.242 31.0 0.009 24.214 275 0 2 0 0
ULS_Taymyr_1415 2015-02-13T00:00:00 77.47 116.46 1.175 0.297 27.0 0.01 25.112 273 0 2 0 0
ULS_Taymyr_1415 2015-03-15T00:00:00 77.47 116.46 1.048 0.345 31.0 0.009 25.267 295 0 2 0 0
ULS_Taymyr_1415 2015-04-14T12:00:00 77.47 116.46 1.269 0.255 30.0 0.009 20.463 264 0 2 0 0
ULS_Taymyr_1415 2015-05-15T00:00:00 77.47 116.46 1.111 0.166 31.0 0.009 27.773 301 0 2 0 0
ULS_Taymyr_1415 2015-06-10T12:00:00 77.47 116.46 0.94 0.202 20.0 0.011 15.922 286 0 2 0 0
ULS_Taymyr_1415 2015-06-24T00:00:00 77.47 116.46 0.998 0.0 1.0 0.05 15.922 286 0 2 3 3
Khatanga-09 2009-11-15T00:00:00 74.72 125.28 0.921 0.203 29.0 0.178 16.867 232 0 2 0 0
Khatanga-09 2009-12-15T00:00:00 74.72 125.28 1.334 0.233 31.0 0.172 23.223 279 0 2 0 0
Khatanga-09 2010-01-15T00:00:00 74.72 125.28 1.488 0.354 31.0 0.172 28.332 267 0 2 0 0
Khatanga-09 2010-02-13T12:00:00 74.72 125.28 1.997 0.761 28.0 0.181 25.176 249 0 2 0 0
Khatanga-09 2010-03-15T00:00:00 74.72 125.28 2.507 0.578 31.0 0.172 22.386 266 0 2 0 0
Khatanga-09 2010-04-14T12:00:00 74.72 125.28 2.423 0.633 30.0 0.175 15.62 234 0 2 0 0
Khatanga-09 2010-05-10T12:00:00 74.72 125.28 2.578 0.698 22.0 0.205 29.764 307 0 2 0 0
Khatanga-09 2010-06-09T00:00:00 74.72 125.28 0.783 0.112 13.0 0.266 15.608 289 0 2 1 3
Khatanga-09 2010-07-11T00:00:00 74.72 125.28 0.74 0.051 11.0 0.289 nan 356 0 2 1 3
Khatanga-09 2010-08-08T00:00:00 74.72 125.28 0.733 0.076 13.0 0.266 1.577 290 0 2 1 3
Khatanga-09 2010-08-29T00:00:00 74.72 125.28 0.76 0.0 1.0 0.96 1.577 290 0 2 3 3
Khatanga-07 2007-10-26T00:00:00 74.72 125.29 0.594 0.113 9.0 0.32 5.792 253 0 2 1 3
Khatanga-07 2007-11-14T12:00:00 74.72 125.29 1.027 0.299 30.0 0.175 16.871 232 0 2 0 0
Khatanga-07 2007-12-15T00:00:00 74.72 125.29 1.521 0.275 31.0 0.172 23.225 279 0 2 0 0
Khatanga-07 2008-01-15T00:00:00 74.72 125.29 1.11 0.558 31.0 0.172 28.333 267 0 2 0 0
Khatanga-07 2008-02-14T00:00:00 74.72 125.29 1.549 0.408 29.0 0.178 25.177 249 0 2 0 0
Khatanga-07 2008-03-15T00:00:00 74.72 125.29 1.758 0.432 31.0 0.172 22.386 266 0 2 0 0
Khatanga-07 2008-04-14T12:00:00 74.72 125.29 2.173 0.291 30.0 0.175 15.621 234 0 2 0 0
Khatanga-07 2008-05-15T00:00:00 74.72 125.29 2.708 0.531 31.0 0.172 29.767 307 0 2 0 0
Khatanga-07 2008-06-14T12:00:00 74.72 125.29 2.372 0.355 30.0 0.175 15.611 289 0 2 0 0
Khatanga-07 2008-07-09T00:00:00 74.72 125.29 1.539 0.653 19.0 0.22 nan 356 0 2 0 0
Khatanga-07 2008-08-14T00:00:00 74.72 125.29 0.593 0.039 9.0 0.32 1.578 290 0 2 1 3
Vilk1-14 2014-12-21T00:00:00 77.67 111.23 0.43 0.138 17.0 0.233 17.391 300 0 2 0 0
Vilk1-14 2015-01-18T00:00:00 77.67 111.23 0.62 0.355 24.0 0.196 22.922 272 0 2 0 0
Vilk1-14 2015-02-11T00:00:00 77.67 111.23 0.696 0.416 23.0 0.2 24.853 275 0 2 0 0
Vilk1-14 2015-03-20T00:00:00 77.67 111.23 0.64 0.206 19.0 0.22 25.79 300 0 2 0 0
Vilk1-14 2015-04-14T12:00:00 77.67 111.23 0.749 0.349 30.0 0.175 20.667 260 0 2 0 0
Vilk1-14 2015-05-15T00:00:00 77.67 111.23 0.785 0.287 31.0 0.172 26.439 297 0 2 0 0
Vilk1-14 2015-06-03T12:00:00 77.67 111.23 0.848 0.22 8.0 0.339 14.58 272 0 2 1 3
Vilk1-14 2015-07-13T00:00:00 77.67 111.23 0.493 0.088 7.0 0.363 nan 370 0 2 1 3
Vilk1-14 2015-08-05T12:00:00 77.67 111.23 0.294 0.162 4.0 0.48 nan 128 0 2 2 3
Vilk1-14 2015-08-15T00:00:00 77.67 111.23 0.383 0.0 1.0 0.96 nan 128 0 2 3 3
Vilk1-14 2015-09-06T00:00:00 77.67 111.23 0.254 0.0 1.0 0.96 nan 181 0 2 3 3
Vilk1-14 2015-11-07T00:00:00 77.67 111.23 0.996 1.293 2.0 0.679 11.739 280 0 2 2 3
Vilk1-14 2015-12-08T00:00:00 77.67 111.23 1.037 0.529 17.0 0.233 17.391 300 0 2 0 0
Vilk1-14 2016-01-16T00:00:00 77.67 111.23 1.861 0.742 21.0 0.209 22.922 272 0 2 0 0
Vilk1-14 2016-02-14T12:00:00 77.67 111.23 0.958 0.624 28.0 0.181 24.853 275 0 2 0 0
Vilk1-14 2016-03-15T00:00:00 77.67 111.23 0.778 0.357 29.0 0.178 25.79 300 0 2 0 0
Vilk1-14 2016-04-14T12:00:00 77.67 111.23 0.759 0.392 30.0 0.175 20.667 260 0 2 0 0
Vilk1-14 2016-05-15T00:00:00 77.67 111.23 1.303 0.437 31.0 0.172 26.439 297 0 2 0 0
Vilk1-14 2016-06-09T12:00:00 77.67 111.23 1.509 0.662 20.0 0.215 14.58 272 0 2 0 0
Vilk1-14 2016-07-15T12:00:00 77.67 111.23 1.497 0.477 28.0 0.181 nan 370 0 2 0 0
Vilk1-14 2016-08-02T00:00:00 77.67 111.23 2.096 0.105 5.0 0.429 nan 128 0 2 2 3
Vilk-13 2013-12-28T12:00:00 77.95 113.03 0.574 0.227 4.0 0.48 18.104 299 0 2 2 3
Vilk-13 2014-01-15T00:00:00 77.95 113.03 1.048 0.336 31.0 0.172 23.25 275 0 2 0 0
Vilk-13 2014-02-12T12:00:00 77.95 113.03 1.406 0.317 24.0 0.196 25.037 277 0 2 0 0
Vilk-13 2014-03-15T12:00:00 77.95 113.03 0.615 0.236 26.0 0.188 25.911 301 0 2 0 0
Vilk-13 2014-04-09T12:00:00 77.95 113.03 0.766 0.386 18.0 0.226 21.281 266 0 2 0 0
Vilk-13 2014-05-13T00:00:00 77.95 113.03 1.046 0.279 27.0 0.185 27.086 299 0 2 0 0
Vilk-13 2014-06-17T12:00:00 77.95 113.03 0.467 0.177 20.0 0.215 15.657 282 0 2 0 0
Vilk-13 2014-07-14T12:00:00 77.95 113.03 0.431 0.168 12.0 0.277 nan 370 0 2 1 3
Vilk-13 2014-08-12T00:00:00 77.95 113.03 0.506 0.13 9.0 0.32 nan 59 0 2 1 3
Vilk-13 2014-08-27T12:00:00 77.95 113.03 0.455 0.205 2.0 0.679 nan 59 0 2 2 3
Vilk3-14 2014-11-01T12:00:00 77.5 111.68 0.535 0.167 4.0 0.48 11.779 278 0 2 2 3
Vilk3-14 2014-11-19T00:00:00 77.5 111.68 0.477 0.142 31.0 0.172 11.779 278 0 2 0 0
Vilk3-14 2014-12-16T12:00:00 77.5 111.68 0.494 0.307 24.0 0.196 17.523 299 0 2 0 0
Vilk3-14 2015-01-10T12:00:00 77.5 111.68 0.776 0.281 26.0 0.188 23.092 271 0 2 0 0
Vilk3-14 2015-02-01T12:00:00 77.5 111.68 0.925 0.176 18.0 0.226 24.83 273 0 2 0 0
Vilk3-14 2015-02-24T00:00:00 77.5 111.68 0.667 0.281 27.0 0.185 24.83 273 0 2 0 0
Vilk3-14 2015-03-19T12:00:00 77.5 111.68 0.657 0.227 20.0 0.215 25.593 298 0 2 0 0
Vilk3-14 2015-04-04T12:00:00 77.5 111.68 0.983 0.233 12.0 0.277 20.311 257 0 2 1 3
Vilk3-14 2015-04-15T00:00:00 77.5 111.68 0.907 0.197 9.0 0.32 20.311 257 0 2 1 3
Vilk3-14 2015-04-20T12:00:00 77.5 111.68 0.656 0.166 2.0 0.679 20.311 257 0 2 2 3
Lena-03 2003-09-24T00:00:00 74.12 126.42 0.114 0.0 1.0 0.96 nan 267 0 2 3 3
Lena-03 2003-10-24T00:00:00 74.12 126.42 0.24 0.092 13.0 0.266 5.88 240 0 2 1 3
Lena-03 2003-11-14T12:00:00 74.12 126.42 0.55 0.262 30.0 0.175 17.508 225 0 2 0 0
Lena-03 2003-12-15T00:00:00 74.12 126.42 0.535 0.258 31.0 0.172 23.997 276 0 2 0 0
Lena-03 2004-01-15T00:00:00 74.12 126.42 0.788 0.344 31.0 0.172 29.23 264 0 2 0 0
Lena-03 2004-02-14T00:00:00 74.12 126.42 0.819 0.254 29.0 0.178 25.186 244 0 2 0 0
Lena-03 2004-03-15T00:00:00 74.12 126.42 1.07 0.254 31.0 0.172 21.81 258 0 2 0 0
Lena-03 2004-04-14T12:00:00 74.12 126.42 0.76 0.134 30.0 0.175 14.53 224 0 2 0 0
Lena-03 2004-05-15T00:00:00 74.12 126.42 0.793 0.245 31.0 0.172 30.132 308 0 2 0 0
Lena-03 2004-06-14T00:00:00 74.12 126.42 0.343 0.165 29.0 0.178 15.505 289 0 2 0 0
Lena-03 2004-07-14T12:00:00 74.12 126.42 0.309 0.145 30.0 0.175 nan 354 0 2 0 0
Lena-03 2004-08-14T12:00:00 74.12 126.42 0.334 0.169 30.0 0.175 1.937 282 0 2 0 0
Lena-03 2004-09-01T00:00:00 74.12 126.42 0.431 0.343 3.0 0.554 nan 267 0 2 2 3
ULS_1893_1314 2013-11-19T00:00:00 76.0 125.98 0.474 0.125 21.0 0.011 17.034 247 0 2 0 0
ULS_1893_1314 2013-12-15T00:00:00 76.0 125.98 0.861 0.202 31.0 0.009 22.749 284 0 2 0 0
ULS_1893_1314 2014-01-15T00:00:00 76.0 125.98 1.012 0.162 31.0 0.009 27.18 274 0 2 0 0
ULS_1893_1314 2014-02-13T12:00:00 76.0 125.98 1.296 0.107 28.0 0.009 25.402 263 0 2 0 0
ULS_1893_1314 2014-03-15T00:00:00 76.0 125.98 1.342 0.261 31.0 0.009 23.679 280 0 2 0 0
ULS_1893_1314 2014-04-14T12:00:00 76.0 125.98 0.798 0.179 30.0 0.009 18.484 261 0 2 0 0
ULS_1893_1314 2014-05-13T00:00:00 76.0 125.98 0.895 0.191 27.0 0.01 29.944 308 0 2 0 0
Kotelny-13 2013-11-15T00:00:00 77.5 130.98 0.757 0.196 29.0 0.178 18.596 262 0 2 0 0
Kotelny-13 2013-12-15T00:00:00 77.5 130.98 1.127 0.297 31.0 0.172 23.328 288 0 2 0 0
Kotelny-13 2014-01-15T00:00:00 77.5 130.98 1.624 0.173 31.0 0.172 26.627 286 0 2 0 0
Kotelny-13 2014-02-13T12:00:00 77.5 130.98 2.262 0.313 28.0 0.181 25.936 279 0 2 0 0
Kotelny-13 2014-03-15T00:00:00 77.5 130.98 1.917 0.185 31.0 0.172 25.198 294 0 2 0 0
Kotelny-13 2014-04-14T12:00:00 77.5 130.98 1.89 0.4 30.0 0.175 22.178 288 0 2 0 0
Kotelny-13 2014-05-15T00:00:00 77.5 130.98 1.662 0.345 31.0 0.172 31.043 312 0 2 0 0
Kotelny-13 2014-06-12T00:00:00 77.5 130.98 1.234 0.3 25.0 0.192 20.664 317 0 2 0 0
Kotelny-13 2014-07-18T00:00:00 77.5 130.98 0.886 0.162 9.0 0.32 nan 355 0 2 1 3
Kotelny-13 2014-08-05T00:00:00 77.5 130.98 0.76 0.238 3.0 0.554 1.525 276 0 2 2 3
Kotelny-13 2014-08-28T00:00:00 77.5 130.98 1.002 0.0 1.0 0.96 1.525 276 0 2 3 3
Khatanga-08 2008-10-27T12:00:00 74.71 125.29 0.663 0.167 6.0 0.392 5.788 253 0 2 1 3
Khatanga-08 2008-11-14T12:00:00 74.71 125.29 0.92 0.215 30.0 0.175 16.872 232 0 2 0 0
Khatanga-08 2008-12-15T00:00:00 74.71 125.29 1.37 0.292 31.0 0.172 23.229 279 0 2 0 0
Khatanga-08 2009-01-15T00:00:00 74.71 125.29 1.028 0.567 31.0 0.172 28.339 267 0 2 0 0
Khatanga-08 2009-02-13T12:00:00 74.71 125.29 2.426 0.925 28.0 0.181 25.176 249 0 2 0 0
Khatanga-08 2009-03-15T00:00:00 74.71 125.29 2.323 0.267 31.0 0.172 22.38 265 0 2 0 0
Khatanga-08 2009-04-07T12:00:00 74.71 125.29 2.188 0.324 16.0 0.24 15.609 234 0 2 0 0
ULS_Taymyr_1314 2013-11-17T00:00:00 77.26 115.99 1.299 0.832 25.0 0.01 13.344 268 0 2 0 0
ULS_Taymyr_1314 2013-12-15T00:00:00 77.26 115.99 0.946 0.141 31.0 0.009 19.09 294 0 2 0 0
ULS_Taymyr_1314 2014-01-15T00:00:00 77.26 115.99 1.337 0.237 31.0 0.009 24.219 273 0 2 0 0
ULS_Taymyr_1314 2014-02-13T12:00:00 77.26 115.99 2.248 0.379 28.0 0.009 25.03 271 0 2 0 0
ULS_Taymyr_1314 2014-03-15T00:00:00 77.26 115.99 1.222 0.243 31.0 0.009 25.087 294 0 2 0 0
ULS_Taymyr_1314 2014-04-14T12:00:00 77.26 115.99 0.995 0.188 30.0 0.009 19.987 260 0 2 0 0
ULS_Taymyr_1314 2014-05-15T00:00:00 77.26 115.99 1.054 0.13 31.0 0.009 27.559 301 0 2 0 0
ULS_Taymyr_1314 2014-06-13T00:00:00 77.26 115.99 0.935 0.208 27.0 0.01 15.403 282 0 2 0 0
ULS_Taymyr_1314 2014-07-04T12:00:00 77.26 115.99 1.665 0.409 10.0 0.016 nan 367 0 2 1 3
OuterShelf-08 2008-10-25T00:00:00 77.99 143.01 0.559 0.079 11.0 0.289 14.293 266 0 2 1 3
OuterShelf-08 2008-11-14T12:00:00 77.99 143.01 0.922 0.256 30.0 0.175 21.247 267 0 2 0 0
OuterShelf-08 2008-12-15T00:00:00 77.99 143.01 1.292 0.172 31.0 0.172 24.924 287 0 2 0 0
OuterShelf-08 2009-01-15T00:00:00 77.99 143.01 1.606 0.272 31.0 0.172 27.111 296 0 2 0 0
OuterShelf-08 2009-02-13T12:00:00 77.99 143.01 2.077 0.221 28.0 0.181 26.599 291 0 2 0 0
OuterShelf-08 2009-03-15T00:00:00 77.99 143.01 2.625 0.326 31.0 0.172 26.281 302 0 2 0 0
OuterShelf-08 2009-04-14T12:00:00 77.99 143.01 2.733 0.218 30.0 0.175 25.12 308 0 2 0 0
OuterShelf-08 2009-05-15T00:00:00 77.99 143.01 2.793 0.263 31.0 0.172 32.673 318 0 2 0 0
OuterShelf-08 2009-06-14T12:00:00 77.99 143.01 2.821 0.437 30.0 0.175 24.197 332 0 2 0 0
OuterShelf-08 2009-07-15T00:00:00 77.99 143.01 2.406 0.56 31.0 0.172 nan 275 0 2 0 0
OuterShelf-08 2009-08-13T00:00:00 77.99 143.01 1.398 0.354 27.0 0.185 2.135 258 0 2 0 0
OuterShelf-08 2009-09-03T12:00:00 77.99 143.01 0.573 0.109 8.0 0.339 6.951 247 0 2 1 3
Anabar-09 2009-11-25T12:00:00 74.33 128.01 2.135 0.915 8.0 0.339 18.166 228 0 2 1 3
Anabar-09 2009-12-15T00:00:00 74.33 128.01 1.153 0.673 31.0 0.172 24.362 277 0 2 0 0
Anabar-09 2010-01-15T00:00:00 74.33 128.01 1.676 1.078 31.0 0.172 29.272 267 0 2 0 0
Anabar-09 2010-02-13T12:00:00 74.33 128.01 1.449 1.072 28.0 0.181 25.315 248 0 2 0 0
Anabar-09 2010-03-15T00:00:00 74.33 128.01 0.917 0.606 31.0 0.172 22.094 261 0 2 0 0
Anabar-09 2010-04-14T12:00:00 74.33 128.01 1.168 1.106 30.0 0.175 15.354 236 0 2 0 0
Anabar-09 2010-05-10T12:00:00 74.33 128.01 0.864 1.027 22.0 0.205 30.544 309 0 2 0 0
Anabar-09 2010-06-16T00:00:00 74.33 128.01 0.227 0.019 15.0 0.248 16.48 296 0 2 0 0
Anabar-09 2010-07-05T00:00:00 74.33 128.01 0.867 0.731 9.0 0.32 nan 353 0 2 1 3
Anabar-09 2010-08-15T12:00:00 74.33 128.01 0.236 0.018 10.0 0.304 2.085 277 0 2 1 3
OuterShelf-11 2011-11-18T00:00:00 76.8 126.0 0.081 0.037 23.0 0.2 17.027 256 0 2 0 0
OuterShelf-11 2011-12-15T00:00:00 76.8 126.0 0.372 0.208 31.0 0.172 22.404 287 0 2 0 0
OuterShelf-11 2012-01-15T00:00:00 76.8 126.0 0.764 0.294 31.0 0.172 26.497 279 0 2 0 0
OuterShelf-11 2012-02-14T00:00:00 76.8 126.0 1.031 0.549 29.0 0.178 25.537 270 0 2 0 0
OuterShelf-11 2012-03-15T00:00:00 76.8 126.0 1.229 0.467 31.0 0.172 24.444 288 0 2 0 0
OuterShelf-11 2012-04-14T12:00:00 76.8 126.0 1.932 0.509 30.0 0.175 20.095 272 0 2 0 0
OuterShelf-11 2012-05-15T00:00:00 76.8 126.0 1.788 0.448 31.0 0.172 29.994 308 0 2 0 0
OuterShelf-11 2012-06-14T12:00:00 76.8 126.0 1.212 0.425 30.0 0.175 18.285 305 0 2 0 0
OuterShelf-11 2012-07-10T00:00:00 76.8 126.0 0.273 0.199 21.0 0.209 nan 359 0 2 0 0
OuterShelf-11 2012-08-12T00:00:00 76.8 126.0 0.024 0.013 4.0 0.48 1.178 294 0 2 2 3
ULS_1893_1415 2014-11-19T12:00:00 76.01 126.0 0.744 0.155 8.0 0.018 17.042 247 0 2 1 3
ULS_1893_1415 2014-12-15T00:00:00 76.01 126.0 1.016 0.096 31.0 0.009 22.752 284 0 2 0 0
ULS_1893_1415 2015-01-15T00:00:00 76.01 126.0 1.009 0.101 31.0 0.009 27.177 274 0 2 0 0
ULS_1893_1415 2015-02-13T12:00:00 76.01 126.0 1.331 0.201 28.0 0.009 25.405 263 0 2 0 0
ULS_1893_1415 2015-03-15T00:00:00 76.01 126.0 1.513 0.285 31.0 0.009 23.687 280 0 2 0 0
ULS_1893_1415 2015-04-14T12:00:00 76.01 126.0 1.563 0.158 30.0 0.009 18.503 261 0 2 0 0
ULS_1893_1415 2015-05-15T12:00:00 76.01 126.0 1.6 0.162 30.0 0.009 29.95 308 0 2 0 0
ULS_1893_1415 2015-06-14T12:00:00 76.01 126.0 1.451 0.173 30.0 0.009 17.378 300 0 2 0 0
ULS_1893_1415 2015-07-09T12:00:00 76.01 126.0 1.023 0.121 16.0 0.013 nan 357 0 2 0 0
Anabar-07 2007-09-28T00:00:00 74.33 128.0 0.484 0.02 3.0 0.554 nan 284 0 2 2 3
Anabar-07 2007-10-17T12:00:00 74.33 128.0 0.315 0.048 26.0 0.188 6.884 243 0 2 0 0
Anabar-07 2007-11-14T12:00:00 74.33 128.0 0.622 0.347 30.0 0.175 18.161 228 0 2 0 0
Anabar-07 2007-12-15T00:00:00 74.33 128.0 1.162 0.368 31.0 0.172 24.359 277 0 2 0 0
Anabar-07 2008-01-15T00:00:00 74.33 128.0 0.841 0.557 31.0 0.172 29.27 267 0 2 0 0
Anabar-07 2008-02-14T00:00:00 74.33 128.0 1.458 0.543 29.0 0.178 25.314 248 0 2 0 0
Anabar-07 2008-03-15T00:00:00 74.33 128.0 1.955 0.759 31.0 0.172 22.094 261 0 2 0 0
Anabar-07 2008-04-14T12:00:00 74.33 128.0 1.214 0.545 30.0 0.175 15.351 236 0 2 0 0
Anabar-07 2008-05-15T00:00:00 74.33 128.0 0.551 0.16 31.0 0.172 30.541 309 0 2 0 0
Anabar-07 2008-06-14T12:00:00 74.33 128.0 0.697 0.376 30.0 0.175 16.476 296 0 2 0 0
Anabar-07 2008-07-16T00:00:00 74.33 128.0 0.458 0.204 29.0 0.178 nan 353 0 2 0 0
Anabar-07 2008-08-14T12:00:00 74.33 128.0 0.358 0.091 30.0 0.175 2.084 278 0 2 0 0
Anabar-07 2008-09-02T12:00:00 74.33 128.0 0.532 0.097 6.0 0.392 nan 284 0 2 1 3
OuterShelf-10 2010-11-15T12:00:00 76.57 126.06 0.726 0.112 28.0 0.181 17.046 254 0 2 0 0
OuterShelf-10 2010-12-15T00:00:00 76.57 126.06 1.113 0.216 31.0 0.172 22.516 286 0 2 0 0
OuterShelf-10 2011-01-15T00:00:00 76.57 126.06 1.39 0.165 31.0 0.172 26.698 277 0 2 0 0
OuterShelf-10 2011-02-13T12:00:00 76.57 126.06 1.691 0.325 28.0 0.181 25.5 268 0 2 0 0
OuterShelf-10 2011-03-15T00:00:00 76.57 126.06 2.103 0.392 31.0 0.172 24.224 286 0 2 0 0
OuterShelf-10 2011-04-14T12:00:00 76.57 126.06 2.574 0.54 30.0 0.175 19.641 269 0 2 0 0
OuterShelf-10 2011-05-15T00:00:00 76.57 126.06 2.383 0.617 31.0 0.172 29.99 308 0 2 0 0
OuterShelf-10 2011-06-11T00:00:00 76.57 126.06 0.845 0.43 23.0 0.2 18.037 304 0 2 0 0
OuterShelf-10 2011-07-11T00:00:00 76.57 126.06 0.763 0.145 3.0 0.554 nan 358 0 2 2 3
OuterShelf-10 2011-08-12T00:00:00 76.57 126.06 0.711 0.073 4.0 0.48 1.227 294 0 2 2 3
